1725377862848 0.5622567749023437 1
1725377863103 0.2516775054931641 2
1725377863356 0.24918345642089842 3
1725377863611 0.25145683288574217 4
1725377863861 0.2475701446533203 5
1725377864114 0.2508318786621094 6
1725377864373 0.2531840667724609 7
1725377864628 0.25217945861816404 8
1725377864882 0.25219850158691404 9
1725377865132 0.24681817626953126 10
1725377865717 0.25767266845703124 11
1725377865975 0.255397216796875 12
1725377866232 0.2543248901367188 13
1725377866489 0.2542671051025391 14
1725377866740 0.24815653991699219 15
1725377866997 0.2543738555908203 16
1725377867254 0.25457318115234373 17
1725377867510 0.2536481018066406 18
1725377867766 0.25409866333007813 19
1725377868023 0.2540470733642578 20
1725377868549 0.2544138946533203 21
1725377868805 0.25369308471679686 22
1725377869061 0.25405775451660156 23
1725377869313 0.24918553161621093 24
1725377869570 0.2543627166748047 25
1725377869826 0.2534950408935547 26
1725377870080 0.25042816162109377 27
1725377870338 0.2548166046142578 28
1725377870594 0.2532804412841797 29
1725377870850 0.2532017669677734 30
1725377871381 0.2560930480957031 31
1725377871648 0.26466046142578126 32
1725377871906 0.2551394500732422 33
1725377872161 0.2529034881591797 34
1725377872416 0.25237091064453127 35
1725377872669 0.2505877380371094 36
1725377872922 0.25033753967285155 37
1725377873175 0.2503782043457031 38
1725377873428 0.25051036071777344 39
1725377873681 0.25131452941894533 40
1725377874212 0.2550287933349609 41
1725377874468 0.25344090270996095 42
1725377874724 0.2527919311523438 43
1725377874976 0.2501146240234375 44
1725377875230 0.25142373657226563 45
1725377875483 0.25129692077636717 46
1725377875738 0.25179811096191407 47
1725377875991 0.2511484222412109 48
1725377876247 0.2529881896972656 49
1725377876502 0.252600830078125 50
1725377877011 0.2527351989746094 51
1725377877269 0.25502589416503907 52
1725377877524 0.2526998443603516 53
1725377877778 0.2514876098632812 54
1725377878034 0.2527868194580078 55
1725377878289 0.2519294128417969 56
1725377878544 0.25144601440429687 57
1725377878798 0.2509640350341797 58
1725377879051 0.25100489807128906 59
1725377879305 0.2512731170654297 60
1725377879817 0.2525958099365234 61
1725377880068 0.24775263977050782 62
1725377880328 0.25539546203613284 63
1725377880582 0.24879183959960938 64
1725377880835 0.25106658935546877 65
1725377881083 0.2460526123046875 66
1725377881335 0.24937254333496095 67
1725377881588 0.2507511749267578 68
1725377881840 0.24914512634277344 69
1725377882094 0.2518021697998047 70
1725377882599 0.25320201110839846 71
1725377882855 0.2529556121826172 72
1725377883110 0.25320343017578123 73
1725377883366 0.25355293273925783 74
1725377883621 0.2520518341064453 75
1725377883875 0.25170140075683595 76
1725377884129 0.2515055084228516 77
1725377884383 0.25193315124511717 78
1725377884637 0.25183116149902346 79
1725377884892 0.25219842529296876 80
1725377885399 0.253968994140625 81
1725377885655 0.2539979248046875 82
1725377885910 0.2522749786376953 83
1725377886159 0.24630422973632812 84
1725377886414 0.2523507232666016 85
1725377886668 0.2521452178955078 86
1725377886923 0.2522391662597656 87
1725377887172 0.24673532104492188 88
1725377887422 0.2474195556640625 89
1725377887672 0.24733970642089845 90
1725377888173 0.2494528350830078 91
1725377888423 0.24733209228515626 92
1725377888671 0.24583013916015625 93
1725377888920 0.2469199676513672 94
1725377889172 0.2491479034423828 95
1725377889422 0.2471751403808594 96
1725377889671 0.24743119812011719 97
1725377889923 0.24874899291992186 98
1725377890172 0.24758082580566407 99
1725377890422 0.2472615966796875 100
1725377890924 0.24717929077148437 101
1725377891174 0.2478810577392578 102
1725377891426 0.24920291137695313 103
1725377891672 0.24422335815429688 104
1725377891922 0.24718447875976562 105
1725377892174 0.25003993225097654 106
1725377892426 0.2492027130126953 107
1725377892673 0.24451203918457032 108
1725377892923 0.2478450927734375 109
1725377893172 0.24744415283203125 110
1725377893673 0.24850119018554687 111
1725377893926 0.250055908203125 112
1725377894176 0.24822454833984375 113
1725377894428 0.24930805969238282 114
1725377894678 0.24766694641113282 115
1725377894928 0.24722259521484374 116
1725377895180 0.24935110473632813 117
1725377895432 0.24990733337402343 118
1725377895683 0.2484586181640625 119
1725377895933 0.248131103515625 120
1725377896435 0.24891407775878907 121
1725377896686 0.24860829162597656 122
1725377896936 0.24833226013183593 123
1725377897187 0.24849356079101562 124
1725377897439 0.2491629180908203 125
1725377897689 0.24844361877441407 126
1725377897939 0.24758866882324218 127
1725377898192 0.2500190734863281 128
1725377898445 0.2511336975097656 129
1725377898698 0.25035600280761716 130
1725377899201 0.25021942138671877 131
1725377899452 0.24829939270019533 132
1725377899702 0.24783981323242188 133
1725377899954 0.2491807098388672 134
1725377900204 0.24791276550292968 135
1725377900454 0.24809645080566406 136
1725377900707 0.24996231079101563 137
1725377900958 0.24895059204101563 138
1725377901211 0.25053436279296876 139
1725377901465 0.25131468200683593 140
1725377901969 0.2506895751953125 141
1725377902222 0.25053619384765624 142
1725377902473 0.24934579467773438 143
1725377902724 0.24874514770507813 144
1725377902977 0.24989974975585938 145
1725377903227 0.24829081726074217 146
1725377903478 0.2484352569580078 147
1725377903730 0.24974876403808594 148
1725377903982 0.24945555114746093 149
1725377904235 0.2508694152832031 150
1725377904739 0.2501171569824219 151
1725377904992 0.2509398345947266 152
1725377905246 0.2513718719482422 153
1725377905499 0.25071270751953123 154
1725377905751 0.24954861450195312 155
1725377906003 0.24983407592773438 156
1725377906259 0.2527088623046875 157
1725377906515 0.25303599548339845 158
1725377906769 0.2509344635009766 159
1725377907024 0.25141014099121095 160
1725377907532 0.2513885498046875 161
1725377907787 0.25251519775390624 162
1725377908042 0.2519599609375 163
1725377908295 0.25120159912109374 164
1725377908548 0.2503253479003906 165
1725377908801 0.2513517761230469 166
1725377909053 0.24906761169433594 167
1725377909305 0.25037762451171874 168
1725377909558 0.24987440490722657 169
1725377909812 0.25164649963378904 170
1725377910318 0.2525324859619141 171
1725377910572 0.25181773376464844 172
1725377910824 0.2503387451171875 173
1725377911078 0.25094505310058596 174
1725377911331 0.2511326446533203 175
1725377911584 0.2507477722167969 176
1725377911838 0.2517660522460938 177
1725377912091 0.2505924224853516 178
1725377912345 0.2512293090820312 179
1725377912598 0.25050527954101565 180
1725377913103 0.2521911926269531 181
1725377913359 0.2536471710205078 182
1725377913613 0.25146607971191404 183
1725377913867 0.2519555206298828 184
1725377914121 0.2510504608154297 185
1725377914374 0.2515067443847656 186
1725377914629 0.25275730895996096 187
1725377914884 0.2519974670410156 188
1725377915137 0.2511343078613281 189
1725377915392 0.2526838684082031 190
1725377915897 0.2521523590087891 191
1725377916152 0.2519505615234375 192
1725377916405 0.2511175689697266 193
1725377916659 0.2513401031494141 194
1725377916914 0.252827392578125 195
1725377917169 0.25313104248046875 196
1725377917423 0.25099562072753906 197
1725377917676 0.25118328857421873 198
1725377917933 0.25463587951660155 199
1725377918187 0.2511949462890625 200
