1725377862846 0.001 1
1725377863102 0.001 2
1725377863354 0.001 3
1725377863609 0.001 4
1725377863860 0.001 5
1725377864113 0.001 6
1725377864369 0.001 7
1725377864627 0.001 8
1725377864881 0.001 9
1725377865131 0.001 10
1725377865716 0.0009000000000000001 11
1725377865974 0.0009000000000000001 12
1725377866231 0.0009000000000000001 13
1725377866489 0.0009000000000000001 14
1725377866739 0.0009000000000000001 15
1725377866996 0.0009000000000000001 16
1725377867253 0.0009000000000000001 17
1725377867509 0.0009000000000000001 18
1725377867765 0.0009000000000000001 19
1725377868022 0.0009000000000000001 20
1725377868548 0.0008100000000000001 21
1725377868804 0.0008100000000000001 22
1725377869060 0.0008100000000000001 23
1725377869312 0.0008100000000000001 24
1725377869568 0.0008100000000000001 25
1725377869825 0.0008100000000000001 26
1725377870079 0.0008100000000000001 27
1725377870336 0.0008100000000000001 28
1725377870593 0.0008100000000000001 29
1725377870849 0.0008100000000000001 30
1725377871380 0.0007290000000000002 31
1725377871647 0.0007290000000000002 32
1725377871905 0.0007290000000000002 33
1725377872160 0.0007290000000000002 34
1725377872415 0.0007290000000000002 35
1725377872668 0.0007290000000000002 36
1725377872921 0.0007290000000000002 37
1725377873174 0.0007290000000000002 38
1725377873427 0.0007290000000000002 39
1725377873681 0.0007290000000000002 40
1725377874211 0.0006561000000000001 41
1725377874467 0.0006561000000000001 42
1725377874723 0.0006561000000000001 43
1725377874975 0.0006561000000000001 44
1725377875229 0.0006561000000000001 45
1725377875483 0.0006561000000000001 46
1725377875737 0.0006561000000000001 47
1725377875990 0.0006561000000000001 48
1725377876246 0.0006561000000000001 49
1725377876501 0.0006561000000000001 50
1725377877010 0.00059049 51
1725377877268 0.00059049 52
1725377877523 0.00059049 53
1725377877777 0.00059049 54
1725377878033 0.00059049 55
1725377878288 0.00059049 56
1725377878543 0.00059049 57
1725377878797 0.00059049 58
1725377879050 0.00059049 59
1725377879304 0.00059049 60
1725377879809 0.000531441 61
1725377880067 0.000531441 62
1725377880326 0.000531441 63
1725377880581 0.000531441 64
1725377880834 0.000531441 65
1725377881082 0.000531441 66
1725377881334 0.000531441 67
1725377881587 0.000531441 68
1725377881839 0.000531441 69
1725377882093 0.000531441 70
1725377882598 0.0004782969000000001 71
1725377882854 0.0004782969000000001 72
1725377883109 0.0004782969000000001 73
1725377883365 0.0004782969000000001 74
1725377883620 0.0004782969000000001 75
1725377883874 0.0004782969000000001 76
1725377884128 0.0004782969000000001 77
1725377884382 0.0004782969000000001 78
1725377884636 0.0004782969000000001 79
1725377884891 0.0004782969000000001 80
1725377885398 0.0004304672100000001 81
1725377885654 0.0004304672100000001 82
1725377885909 0.0004304672100000001 83
1725377886157 0.0004304672100000001 84
1725377886413 0.0004304672100000001 85
1725377886668 0.0004304672100000001 86
1725377886922 0.0004304672100000001 87
1725377887171 0.0004304672100000001 88
1725377887421 0.0004304672100000001 89
1725377887671 0.0004304672100000001 90
1725377888173 0.0003874204890000001 91
1725377888422 0.0003874204890000001 92
1725377888670 0.0003874204890000001 93
1725377888920 0.0003874204890000001 94
1725377889171 0.0003874204890000001 95
1725377889421 0.0003874204890000001 96
1725377889671 0.0003874204890000001 97
1725377889922 0.0003874204890000001 98
1725377890172 0.0003874204890000001 99
1725377890421 0.0003874204890000001 100
1725377890923 0.0003486784401000001 101
1725377891173 0.0003486784401000001 102
1725377891425 0.0003486784401000001 103
1725377891671 0.0003486784401000001 104
1725377891921 0.0003486784401000001 105
1725377892173 0.0003486784401000001 106
1725377892425 0.0003486784401000001 107
1725377892672 0.0003486784401000001 108
1725377892922 0.0003486784401000001 109
1725377893172 0.0003486784401000001 110
1725377893673 0.0003138105960900001 111
1725377893925 0.0003138105960900001 112
1725377894176 0.0003138105960900001 113
1725377894427 0.0003138105960900001 114
1725377894677 0.0003138105960900001 115
1725377894927 0.0003138105960900001 116
1725377895178 0.0003138105960900001 117
1725377895431 0.0003138105960900001 118
1725377895682 0.0003138105960900001 119
1725377895932 0.0003138105960900001 120
1725377896434 0.0002824295364810001 121
1725377896685 0.0002824295364810001 122
1725377896935 0.0002824295364810001 123
1725377897186 0.0002824295364810001 124
1725377897438 0.0002824295364810001 125
1725377897689 0.0002824295364810001 126
1725377897939 0.0002824295364810001 127
1725377898191 0.0002824295364810001 128
1725377898445 0.0002824295364810001 129
1725377898697 0.0002824295364810001 130
1725377899201 0.0002541865828329001 131
1725377899451 0.0002541865828329001 132
1725377899701 0.0002541865828329001 133
1725377899953 0.0002541865828329001 134
1725377900203 0.0002541865828329001 135
1725377900454 0.0002541865828329001 136
1725377900706 0.0002541865828329001 137
1725377900957 0.0002541865828329001 138
1725377901210 0.0002541865828329001 139
1725377901464 0.0002541865828329001 140
1725377901968 0.0002287679245496101 141
1725377902221 0.0002287679245496101 142
1725377902473 0.0002287679245496101 143
1725377902724 0.0002287679245496101 144
1725377902976 0.0002287679245496101 145
1725377903226 0.0002287679245496101 146
1725377903477 0.0002287679245496101 147
1725377903729 0.0002287679245496101 148
1725377903981 0.0002287679245496101 149
1725377904234 0.0002287679245496101 150
1725377904738 0.0002058911320946491 151
1725377904991 0.0002058911320946491 152
1725377905245 0.0002058911320946491 153
1725377905498 0.0002058911320946491 154
1725377905750 0.0002058911320946491 155
1725377906002 0.0002058911320946491 156
1725377906258 0.0002058911320946491 157
1725377906514 0.0002058911320946491 158
1725377906768 0.0002058911320946491 159
1725377907023 0.0002058911320946491 160
1725377907532 0.00018530201888518417 161
1725377907786 0.00018530201888518417 162
1725377908041 0.00018530201888518417 163
1725377908294 0.00018530201888518417 164
1725377908547 0.00018530201888518417 165
1725377908801 0.00018530201888518417 166
1725377909052 0.00018530201888518417 167
1725377909305 0.00018530201888518417 168
1725377909557 0.00018530201888518417 169
1725377909811 0.00018530201888518417 170
1725377910317 0.00016677181699666576 171
1725377910571 0.00016677181699666576 172
1725377910824 0.00016677181699666576 173
1725377911077 0.00016677181699666576 174
1725377911330 0.00016677181699666576 175
1725377911583 0.00016677181699666576 176
1725377911838 0.00016677181699666576 177
1725377912090 0.00016677181699666576 178
1725377912344 0.00016677181699666576 179
1725377912597 0.00016677181699666576 180
1725377913102 0.00015009463529699917 181
1725377913358 0.00015009463529699917 182
1725377913612 0.00015009463529699917 183
1725377913866 0.00015009463529699917 184
1725377914120 0.00015009463529699917 185
1725377914373 0.00015009463529699917 186
1725377914629 0.00015009463529699917 187
1725377914883 0.00015009463529699917 188
1725377915136 0.00015009463529699917 189
1725377915391 0.00015009463529699917 190
1725377915896 0.0001350851717672993 191
1725377916151 0.0001350851717672993 192
1725377916404 0.0001350851717672993 193
1725377916658 0.0001350851717672993 194
1725377916913 0.0001350851717672993 195
1725377917168 0.0001350851717672993 196
1725377917422 0.0001350851717672993 197
1725377917675 0.0001350851717672993 198
1725377917932 0.0001350851717672993 199
1725377918186 0.0001350851717672993 200
