1725377862847 0.9930142164230347 1
1725377863103 0.9769352674484253 2
1725377863355 0.9395031332969666 3
1725377863610 0.8412818312644958 4
1725377863861 0.6262193918228149 5
1725377864114 0.4058248996734619 6
1725377864373 0.33879905939102173 7
1725377864627 0.20552605390548706 8
1725377864882 0.17119617760181427 9
1725377865131 0.14469200372695923 10
1725377865716 0.0912323147058487 11
1725377865975 0.06053794547915459 12
1725377866232 0.0432685911655426 13
1725377866489 0.03306196630001068 14
1725377866739 0.027837680652737617 15
1725377866996 0.022307060658931732 16
1725377867253 0.01823938824236393 17
1725377867509 0.01543453335762024 18
1725377867766 0.012502545490860939 19
1725377868022 0.010654021054506302 20
1725377868548 0.009272128343582153 21
1725377868804 0.00829082727432251 22
1725377869061 0.007334553636610508 23
1725377869312 0.006545117124915123 24
1725377869569 0.005902300588786602 25
1725377869826 0.005311794579029083 26
1725377870079 0.004808336496353149 27
1725377870337 0.0043793730437755585 28
1725377870593 0.0039814612828195095 29
1725377870850 0.003716725390404463 30
1725377871380 0.0033851955085992813 31
1725377871648 0.0031625714618712664 32
1725377871905 0.002974086208269 33
1725377872161 0.0028334311209619045 34
1725377872416 0.0026396424509584904 35
1725377872669 0.0024976693093776703 36
1725377872922 0.0023758597671985626 37
1725377873174 0.002256709849461913 38
1725377873427 0.0021545602940022945 39
1725377873681 0.0020976781379431486 40
1725377874212 0.0020175669342279434 41
1725377874468 0.0019337565172463655 42
1725377874723 0.0018337583169341087 43
1725377874976 0.0017621464794501662 44
1725377875229 0.001701718894764781 45
1725377875483 0.0016786064952611923 46
1725377875737 0.001601790077984333 47
1725377875991 0.0015711606247350574 48
1725377876246 0.0014920029789209366 49
1725377876501 0.001435989630408585 50
1725377877011 0.0013948255218565464 51
1725377877268 0.0013567826244980097 52
1725377877523 0.0013217946980148554 53
1725377877777 0.0013141767121851444 54
1725377878033 0.0012461075093597174 55
1725377878289 0.0012171448906883597 56
1725377878543 0.0011846881825476885 57
1725377878797 0.0011815853649750352 58
1725377879050 0.0011275459546595812 59
1725377879304 0.0010957032209262252 60
1725377879810 0.0010938519844785333 61
1725377880067 0.0010432529961690307 62
1725377880327 0.0010179784148931503 63
1725377880581 0.0009916252456605434 64
1725377880834 0.0009722622344270349 65
1725377881083 0.0009536817669868469 66
1725377881335 0.0009303640108555555 67
1725377881588 0.0009110223618336022 68
1725377881839 0.0008930939366109669 69
1725377882093 0.0008774742600508034 70
1725377882599 0.000849045580253005 71
1725377882854 0.0008377246558666229 72
1725377883110 0.0008211684762500226 73
1725377883366 0.0008015832863748074 74
1725377883620 0.0007861198973841965 75
1725377883874 0.0007938563358038664 76
1725377884128 0.0007529184222221375 77
1725377884382 0.0007642488344572484 78
1725377884637 0.0007260834681801498 79
1725377884891 0.000715789501555264 80
1725377885398 0.0006990931578911841 81
1725377885655 0.0006884191534481943 82
1725377885909 0.0006747804000042379 83
1725377886158 0.0006665036780759692 84
1725377886413 0.0006732322508469224 85
1725377886668 0.0006419955170713365 86
1725377886923 0.0006303968257270753 87
1725377887172 0.0006202055374160409 88
1725377887421 0.0006121449405327439 89
1725377887671 0.0006015748367644846 90
1725377888173 0.0006109805544838309 91
1725377888423 0.0005801168736070395 92
1725377888671 0.0005729084950871766 93
1725377888920 0.0005646341596730053 94
1725377889172 0.0005720480112358928 95
1725377889421 0.0005459676031023264 96
1725377889671 0.0005397163913585246 97
1725377889922 0.0005290361004881561 98
1725377890172 0.0005201614694669843 99
1725377890422 0.0005122869624756277 100
1725377890923 0.0005048393504694104 101
1725377891174 0.0005178558640182018 102
1725377891425 0.000491516781039536 103
1725377891672 0.0005029815947636962 104
1725377891921 0.0004810635873582214 105
1725377892174 0.00047369921230711043 106
1725377892425 0.0004651321214623749 107
1725377892672 0.0004609527240972966 108
1725377892922 0.0004558819346129894 109
1725377893172 0.0004488831327762455 110
1725377893673 0.0004421799967531115 111
1725377893925 0.00043663644464686513 112
1725377894176 0.000431136111728847 113
1725377894428 0.00042605213820934296 114
1725377894678 0.0004375071148388088 115
1725377894927 0.0004186810692772269 116
1725377895179 0.0004284855676814914 117
1725377895431 0.00040680274832993746 118
1725377895682 0.0004035034799017012 119
1725377895933 0.0003979178727604449 120
1725377896434 0.00039404950803145766 121
1725377896685 0.00039024086436256766 122
1725377896936 0.00038531728205271065 123
1725377897187 0.00038306007627397776 124
1725377897438 0.0003927386715076864 125
1725377897689 0.00037557538598775864 126
1725377897939 0.0003717063518706709 127
1725377898191 0.0003690798475872725 128
1725377898445 0.00036397724761627614 129
1725377898698 0.0003598408366087824 130
1725377899201 0.00037062360206618905 131
1725377899452 0.00035363357164897025 132
1725377899702 0.0003518459270708263 133
1725377899953 0.00034691698965616524 134
1725377900204 0.00034292787313461304 135
1725377900454 0.00034028696245513856 136
1725377900706 0.00033992211683653295 137
1725377900958 0.0003342468698974699 138
1725377901211 0.00033187269582413137 139
1725377901464 0.0003428033378440887 140
1725377901968 0.0003269034205004573 141
1725377902221 0.000323323009070009 142
1725377902473 0.0003207107656635344 143
1725377902724 0.00031934722210280597 144
1725377902976 0.0003183845547027886 145
1725377903227 0.0003129345132037997 146
1725377903478 0.00031106334063224494 147
1725377903730 0.00030789271113462746 148
1725377903981 0.00030663140933029354 149
1725377904235 0.0003171676944475621 150
1725377904738 0.00031476846197620034 151
1725377904992 0.0003012010711245239 152
1725377905245 0.00029857855406589806 153
1725377905498 0.0003092490369454026 154
1725377905750 0.0002948680194094777 155
1725377906003 0.000291757402010262 156
1725377906259 0.00029196363175287843 157
1725377906515 0.0002890071482397616 158
1725377906769 0.0002862498804461211 159
1725377907023 0.00028333530644886196 160
1725377907532 0.0002817612257786095 161
1725377907787 0.00027990355738438666 162
1725377908041 0.00027958452119491994 163
1725377908295 0.0002780243521556258 164
1725377908547 0.0002753207227215171 165
1725377908801 0.00027451920323073864 166
1725377909052 0.0002721297205425799 167
1725377909305 0.00027205306105315685 168
1725377909557 0.00027113460237160325 169
1725377909811 0.0002681547775864601 170
1725377910317 0.0002660671598277986 171
1725377910571 0.00026665296172723174 172
1725377910824 0.0002766471297945827 173
1725377911077 0.00026313186390325427 174
1725377911331 0.0002609070506878197 175
1725377911584 0.00027264797245152295 176
1725377911838 0.000270994525635615 177
1725377912091 0.00025692820781841874 178
1725377912344 0.00025519865448586643 179
1725377912597 0.0002670392277650535 180
1725377913103 0.00025311592617072165 181
1725377913359 0.0002526859752833843 182
1725377913612 0.00026185717433691025 183
1725377913867 0.0002620181767269969 184
1725377914120 0.00025918055325746536 185
1725377914374 0.00024931065854616463 186
1725377914629 0.00024549567024223506 187
1725377914883 0.0002572744560893625 188
1725377915137 0.0002443433040753007 189
1725377915392 0.00024316484632436186 190
1725377915897 0.00024166613002307713 191
1725377916151 0.00024152580590453 192
1725377916405 0.00023944393615238369 193
1725377916658 0.00023961464466992766 194
1725377916913 0.0002385547268204391 195
1725377917169 0.0002370677684666589 196
1725377917422 0.00023587647592648864 197
1725377917676 0.00023522021365351975 198
1725377917933 0.00023487622092943639 199
1725377918186 0.0002333127340534702 200
