1725377862849 140.56419372558594 1
1725377863104 62.91937637329102 2
1725377863356 62.29586410522461 3
1725377863611 62.86420822143554 4
1725377863861 61.89253616333008 5
1725377864115 62.707969665527344 6
1725377864374 63.29601669311523 7
1725377864628 63.04486465454101 8
1725377864883 63.04962539672851 9
1725377865132 61.70454406738281 10
1725377865717 64.41816711425781 11
1725377865976 63.84930419921875 12
1725377866233 63.581222534179695 13
1725377866490 63.56677627563477 14
1725377866740 62.03913497924805 15
1725377866997 63.59346389770508 16
1725377867254 63.64329528808593 17
1725377867510 63.41202545166015 18
1725377867767 63.52466583251953 19
1725377868023 63.51176834106445 20
1725377868549 63.60347366333008 21
1725377868805 63.42327117919921 22
1725377869061 63.51443862915039 23
1725377869313 62.296382904052734 24
1725377869570 63.59067916870117 25
1725377869827 63.37376022338867 26
1725377870080 62.607040405273445 27
1725377870338 63.70415115356445 28
1725377870594 63.32011032104493 29
1725377870851 63.30044174194335 30
1725377871381 64.02326202392578 31
1725377871648 66.16511535644531 32
1725377871906 63.78486251831055 33
1725377872162 63.22587203979492 34
1725377872416 63.09272766113282 35
1725377872670 62.646934509277344 36
1725377872922 62.58438491821289 37
1725377873175 62.59455108642578 38
1725377873428 62.62759017944336 39
1725377873682 62.828632354736335 40
1725377874213 63.757198333740234 41
1725377874469 63.360225677490234 42
1725377874724 63.197982788085945 43
1725377874976 62.52865600585937 44
1725377875230 62.855934143066406 45
1725377875484 62.82423019409179 46
1725377875738 62.949527740478516 47
1725377875992 62.78710556030273 48
1725377876247 63.2470474243164 49
1725377876502 63.15020751953125 50
1725377877012 63.183799743652344 51
1725377877269 63.756473541259766 52
1725377877524 63.1749610900879 53
1725377877779 62.871902465820305 54
1725377878034 63.196704864501946 55
1725377878290 62.98235321044922 56
1725377878544 62.86150360107422 57
1725377878798 62.74100875854492 58
1725377879051 62.751224517822266 59
1725377879305 62.81827926635743 60
1725377879818 63.14895248413085 61
1725377880068 61.93815994262695 62
1725377880329 63.84886550903321 63
1725377880582 62.197959899902344 64
1725377880835 62.766647338867195 65
1725377881084 61.513153076171875 66
1725377881335 62.343135833740234 67
1725377881589 62.68779373168945 68
1725377881840 62.28628158569336 69
1725377882094 62.95054244995117 70
1725377882600 63.30050277709962 71
1725377882855 63.2389030456543 72
1725377883111 63.300857543945305 73
1725377883367 63.38823318481446 74
1725377883621 63.012958526611335 75
1725377883875 62.925350189208984 76
1725377884129 62.87637710571289 77
1725377884383 62.98328781127929 78
1725377884637 62.95779037475587 79
1725377884892 63.04960632324219 80
1725377885399 63.49224853515626 81
1725377885655 63.49948120117188 82
1725377885910 63.06874465942383 83
1725377886159 61.57605743408203 84
1725377886414 63.08768081665039 85
1725377886669 63.03630447387695 86
1725377886923 63.059791564941406 87
1725377887172 61.68383026123047 88
1725377887422 61.854888916015625 89
1725377887672 61.83492660522461 90
1725377888174 62.36320877075195 91
1725377888423 61.83302307128906 92
1725377888672 61.45753479003906 93
1725377888921 61.7299919128418 94
1725377889172 62.2869758605957 95
1725377889422 61.793785095214844 96
1725377889672 61.8577995300293 97
1725377889923 62.18724822998047 98
1725377890173 61.895206451416016 99
1725377890422 61.815399169921875 100
1725377890924 61.794822692871094 101
1725377891174 61.97026443481445 102
1725377891426 62.30072784423828 103
1725377891672 61.05583953857422 104
1725377891922 61.796119689941406 105
1725377892175 62.50998306274413 106
1725377892426 62.30067825317383 107
1725377892673 61.12800979614258 108
1725377892923 61.961273193359375 109
1725377893173 61.86103820800781 110
1725377893674 62.12529754638672 111
1725377893926 62.51397705078125 112
1725377894177 62.05613708496094 113
1725377894428 62.3270149230957 114
1725377894678 61.9167366027832 115
1725377894928 61.80564880371094 116
1725377895180 62.33777618408203 117
1725377895432 62.47683334350586 118
1725377895683 62.114654541015625 119
1725377895933 62.03277587890625 120
1725377896435 62.228519439697266 121
1725377896686 62.15207290649414 122
1725377896937 62.083065032958984 123
1725377897188 62.123390197753906 124
1725377897439 62.29072952270508 125
1725377897690 62.110904693603516 126
1725377897940 61.89716720581055 127
1725377898192 62.50476837158203 128
1725377898446 62.7834243774414 129
1725377898698 62.58900070190429 130
1725377899202 62.554855346679695 131
1725377899452 62.07484817504883 132
1725377899703 61.95995330810547 133
1725377899954 62.2951774597168 134
1725377900204 61.97819137573242 135
1725377900455 62.024112701416016 136
1725377900707 62.490577697753906 137
1725377900958 62.237648010253906 138
1725377901211 62.63359069824219 139
1725377901465 62.828670501708984 140
1725377901969 62.672393798828125 141
1725377902222 62.63404846191406 142
1725377902474 62.336448669433594 143
1725377902725 62.18628692626953 144
1725377902977 62.474937438964844 145
1725377903228 62.07270431518555 146
1725377903478 62.10881423950195 147
1725377903730 62.437191009521484 148
1725377903982 62.363887786865234 149
1725377904236 62.71735382080078 150
1725377904739 62.52928924560547 151
1725377904992 62.73495864868164 152
1725377905246 62.84296798706055 153
1725377905499 62.678176879882805 154
1725377905751 62.38715362548828 155
1725377906004 62.458518981933594 156
1725377906260 63.17721557617187 157
1725377906516 63.25899887084961 158
1725377906770 62.73361587524415 159
1725377907024 62.852535247802734 160
1725377907533 62.847137451171875 161
1725377907788 63.12879943847656 162
1725377908042 62.989990234375 163
1725377908295 62.80039978027344 164
1725377908548 62.581336975097656 165
1725377908802 62.83794403076172 166
1725377909053 62.266902923583984 167
1725377909306 62.59440612792969 168
1725377909558 62.46860122680664 169
1725377909812 62.91162490844726 170
1725377910318 63.13312149047852 171
1725377910572 62.95443344116211 172
1725377910825 62.584686279296875 173
1725377911078 62.73626327514649 174
1725377911332 62.78316116333008 175
1725377911585 62.686943054199226 176
1725377911839 62.941513061523445 177
1725377912092 62.64810562133789 178
1725377912345 62.807327270507805 179
1725377912598 62.62631988525391 180
1725377913103 63.047798156738274 181
1725377913359 63.41179275512695 182
1725377913613 62.86651992797851 183
1725377913868 62.9888801574707 184
1725377914121 62.76261520385742 185
1725377914375 62.876686096191406 186
1725377914630 63.18932723999024 187
1725377914884 62.9993667602539 188
1725377915137 62.78357696533203 189
1725377915392 63.17096710205078 190
1725377915898 63.038089752197266 191
1725377916152 62.98764038085937 192
1725377916405 62.77939224243165 193
1725377916659 62.835025787353516 194
1725377916914 63.20684814453124 195
1725377917170 63.28276062011719 196
1725377917423 62.748905181884766 197
1725377917677 62.79582214355468 198
1725377917934 63.65896987915039 199
1725377918187 62.79873657226563 200
